2309852358554457428 12821877480667873570 
3690262053336558645 2569734762813650553 
1154926179277228714 1799252721906548881 
11068503063523055130 1284867381406825276 
9800835126493390165 899626360953274440 
5534251531761527565 642433690703412638 
4900417563246695082 449813180476637220 
2767125765880763782 321216845351706319 
2450208781623347541 224906590238318610 
10606934919795157699 160608422675853159 
1225104390811673770 112453295119159305 
14526839496752354657 80304211337926579 
9835924232260612693 56226647559579652 
16486791785230953136 40152105668963289 
4917962116130306346 28113323779789826 
17466767929470252376 20076052834481644 
2458981058065153173 14056661889894913 
8733383964735126188 10038026417240822 
10452862565887352394 7028330944947456 
4366691982367563094 5019013208620411 
5226431282943676197 3514165472473728 
11406718028038557355 2509506604310205 
2613215641471838098 1757082736236864 
14926731050874054485 1254753302155102 
1306607820735919049 878541368118432 
7463365525437027242 627376651077551 
653303910367959524 439270684059216 
12955054799573289429 313688325538775 
326651955183979762 219635342029608 
15700899436641420522 156844162769387 
163325977591989881 109817671014804 
17073821755175486069 78422081384693 
81662988795994940 54908835507402 
17760282914442518842 39211040692346 
40831494397997470 27454417753701 
8880141457221259421 19605520346173 
9243787784053774543 13727208876850 
13663442765465405518 9802760173086 
4621893892026887271 6863604438425 
6831721382732702759 4901380086543 
11534318982868219443 3431802219212 
12639232728221127187 2450690043271 
5767159491434109721 1715901109606 
15542988400965339401 1225345021635 
2883579745717054860 857950554803 
16994866237337445508 612672510817 
10665161909713303238 428975277401 
17720805155523498562 306336255408 
14555952991711427427 214487638700 
8860402577761749281 153168127704 
7277976495855713713 107243819350 
4430201288880874640 76584063852 
3638988247927856856 53621909675 
2215100644440437320 38292031926 
11042866160818704236 26810954837 
1107550322220218660 19146015963 
14744805117264127926 13405477418 
9777147197964885138 9573007981 
7372402558632063963 6702738709 
14111945635837218377 4786503990 
12909573316170807789 3351369354 
7055972817918609188 2393251995 
6454786658085403894 1675684677 
12751358445814080402 1196625997 
12450765365897477755 837842338 
15599051259761816009 598312998 
6225382682948738877 418921169 
7799525629880908004 299156499 
12336063378329145246 209460584 
13123134851795229810 149578249 
6168031689164572623 104730292 
15784939462752390713 74789124 
3084015844582286311 52365146 
7892469731376195356 37394562 
1542007922291143155 26182573 
3946234865688097678 18697281 
9994375998000347385 13091286 
11196489469698824647 9348640 
4997187999000173692 6545643 
5598244734849412323 4674320 
11721966036354862654 3272821 
2799122367424706161 2337160 
15084355055032207135 1636410 
1399561183712353080 1168580 
7542177527516103567 818205 
699780591856176540 584290 
12994460800612827591 409102 
349890295928088270 292145 
6497230400306413795 204551 
9398317184818819943 146072 
12471987237007982705 102275 
4699158592409409971 73036 
15459365655358767160 51137 
2349579296204704985 36518 
16953054864534159388 25568 
1174789648102352492 18259 
8476527432267079694 12784 
9810766860905952054 9129 
4238263716133539847 6392 
14128755467307751835 4564 
2119131858066769923 3196 
7064377733653875917 2282 
1059565929033384961 1598 
3532188866826937958 1141 
529782964516692480 799 
10989466470268244787 570 
9488263519113122048 399 
5494733235134122393 285 
13967503796411336832 199 
11970738654421837004 142 
16207123935060444224 99 
5985369327210918502 71 
17326934004384997920 49 
12216056700460235059 35 
17886839039047274768 24 
15331400387084893337 17 
8943419519523637384 12 
16889072230397222476 8 
4471709759761818692 6 
8444536115198611238 4 
2235854879880909346 3 
4222268057599305619 2 
10341299476795230481 1 
2111134028799652809 1 
14394021775252391048 0 
10278939051254602212 0 
7197010887626195524 0 
5139469525627301106 0 
3598505443813097762246545366416550591647667879989719624753 236521892430340052747782601419431646548
gcd 3
Gcd 0
 0 
2569734762813650553 0 
1799252721906548881 0 
1284867381406825276 0 
899626360953274440 0 
642433690703412638 0 
449813180476637220 0 
321216845351706319 0 
224906590238318610 0 
160608422675853159 0 
112453295119159305 0 
80304211337926579 0 
56226647559579652 0 
40152105668963289 0 
28113323779789826 0 
20076052834481644 0 
14056661889894913 0 
10038026417240822 0 
7028330944947456 0 
5019013208620411 0 
3514165472473728 0 
2509506604310205 0 
1757082736236864 0 
1254753302155102 0 
878541368118432 0 
627376651077551 0 
439270684059216 0 
313688325538775 0 
219635342029608 0 
156844162769387 0 
109817671014804 0 
78422081384693 0 
54908835507402 0 
39211040692346 0 
27454417753701 0 
19605520346173 0 
13727208876850 0 
9802760173086 0 
6863604438425 0 
4901380086543 0 
3431802219212 0 
2450690043271 0 
1715901109606 0 
1225345021635 0 
857950554803 0 
612672510817 0 
428975277401 0 
306336255408 0 
214487638700 0 
153168127704 0 
107243819350 0 
76584063852 0 
53621909675 0 
38292031926 0 
26810954837 0 
19146015963 0 
13405477418 0 
9573007981 0 
6702738709 0 
4786503990 0 
3351369354 0 
2393251995 0 
1675684677 0 
1196625997 0 
837842338 0 
598312998 0 
418921169 0 
299156499 0 
209460584 0 
149578249 0 
104730292 0 
74789124 0 
52365146 0 
37394562 0 
26182573 0 
18697281 0 
13091286 0 
9348640 0 
6545643 0 
4674320 0 
3272821 0 
2337160 0 
1636410 0 
1168580 0 
818205 0 
584290 0 
409102 0 
292145 0 
204551 0 
146072 0 
102275 0 
73036 0 
51137 0 
36518 0 
25568 0 
18259 0 
12784 0 
9129 0 
6392 0 
4564 0 
3196 0 
2282 0 
1598 0 
1141 0 
799 0 
570 0 
399 0 
285 0 
199 0 
142 0 
99 0 
71 0 
49 0 
35 0 
24 0 
17 0 
12 0 
8 0 
6 0 
4 0 
3 0 
2 0 
1 0 
0 0 
